# x
0.000000000000000000e+00 1.000000000000000000e+00
-1.000000000000000000e+00 1.000000000000000000e+00
-1.000000000000000000e+00 -1.000000000000000000e+00
1.000000000000000000e+00 -1.000000000000000000e+00
1.000000000000000000e+00 0.000000000000000000e+00
0.000000000000000000e+00 0.000000000000000000e+00
0.000000000000000000e+00 1.250000000000000000e-01
0.000000000000000000e+00 1.875000000000000000e-01
0.000000000000000000e+00 2.500000000000000000e-01
0.000000000000000000e+00 3.125000000000000000e-01
0.000000000000000000e+00 3.750000000000000000e-01
0.000000000000000000e+00 4.375000000000000000e-01
0.000000000000000000e+00 5.000000000000000000e-01
0.000000000000000000e+00 5.625000000000000000e-01
0.000000000000000000e+00 6.250000000000000000e-01
0.000000000000000000e+00 6.875000000000000000e-01
0.000000000000000000e+00 7.500000000000000000e-01
0.000000000000000000e+00 8.125000000000000000e-01
0.000000000000000000e+00 8.750000000000000000e-01
0.000000000000000000e+00 9.375000000000000000e-01
-6.250000000000000000e-02 1.000000000000000000e+00
-1.250000000000000000e-01 1.000000000000000000e+00
-1.875000000000000000e-01 1.000000000000000000e+00
-2.500000000000000000e-01 1.000000000000000000e+00
-3.125000000000000000e-01 1.000000000000000000e+00
-3.750000000000000000e-01 1.000000000000000000e+00
-4.375000000000000000e-01 1.000000000000000000e+00
-5.000000000000000000e-01 1.000000000000000000e+00
-5.625000000000000000e-01 1.000000000000000000e+00
-6.250000000000000000e-01 1.000000000000000000e+00
-6.875000000000000000e-01 1.000000000000000000e+00
-7.500000000000000000e-01 1.000000000000000000e+00
-8.125000000000000000e-01 1.000000000000000000e+00
-8.750000000000000000e-01 1.000000000000000000e+00
-9.375000000000000000e-01 1.000000000000000000e+00
-1.000000000000000000e+00 1.000000000000000000e+00
-1.000000000000000000e+00 8.750000000000000000e-01
-1.000000000000000000e+00 8.125000000000000000e-01
-1.000000000000000000e+00 7.500000000000000000e-01
-1.000000000000000000e+00 6.875000000000000000e-01
-1.000000000000000000e+00 6.250000000000000000e-01
-1.000000000000000000e+00 5.625000000000000000e-01
-1.000000000000000000e+00 5.000000000000000000e-01
-1.000000000000000000e+00 4.375000000000000000e-01
-1.000000000000000000e+00 3.750000000000000000e-01
-1.000000000000000000e+00 3.125000000000000000e-01
-1.000000000000000000e+00 2.500000000000000000e-01
-1.000000000000000000e+00 1.875000000000000000e-01
-1.000000000000000000e+00 1.250000000000000000e-01
-1.000000000000000000e+00 6.250000000000000000e-02
-1.000000000000000000e+00 -1.250000000000000000e-01
-1.000000000000000000e+00 -1.875000000000000000e-01
-1.000000000000000000e+00 -2.500000000000000000e-01
-1.000000000000000000e+00 -3.125000000000000000e-01
-1.000000000000000000e+00 -3.750000000000000000e-01
-1.000000000000000000e+00 -4.375000000000000000e-01
-1.000000000000000000e+00 -5.000000000000000000e-01
-1.000000000000000000e+00 -5.625000000000000000e-01
-1.000000000000000000e+00 -6.250000000000000000e-01
-1.000000000000000000e+00 -6.875000000000000000e-01
-1.000000000000000000e+00 -7.500000000000000000e-01
-1.000000000000000000e+00 -8.125000000000000000e-01
-1.000000000000000000e+00 -8.750000000000000000e-01
-1.000000000000000000e+00 -9.375000000000000000e-01
-8.750000000000000000e-01 -1.000000000000000000e+00
-8.125000000000000000e-01 -1.000000000000000000e+00
-7.500000000000000000e-01 -1.000000000000000000e+00
-6.875000000000000000e-01 -1.000000000000000000e+00
-6.250000000000000000e-01 -1.000000000000000000e+00
-5.625000000000000000e-01 -1.000000000000000000e+00
-5.000000000000000000e-01 -1.000000000000000000e+00
-4.375000000000000000e-01 -1.000000000000000000e+00
-3.750000000000000000e-01 -1.000000000000000000e+00
-3.125000000000000000e-01 -1.000000000000000000e+00
-2.500000000000000000e-01 -1.000000000000000000e+00
-1.875000000000000000e-01 -1.000000000000000000e+00
-1.250000000000000000e-01 -1.000000000000000000e+00
-6.250000000000000000e-02 -1.000000000000000000e+00
1.250000000000000000e-01 -1.000000000000000000e+00
1.875000000000000000e-01 -1.000000000000000000e+00
2.500000000000000000e-01 -1.000000000000000000e+00
3.125000000000000000e-01 -1.000000000000000000e+00
3.750000000000000000e-01 -1.000000000000000000e+00
4.375000000000000000e-01 -1.000000000000000000e+00
5.000000000000000000e-01 -1.000000000000000000e+00
5.625000000000000000e-01 -1.000000000000000000e+00
6.250000000000000000e-01 -1.000000000000000000e+00
6.875000000000000000e-01 -1.000000000000000000e+00
7.500000000000000000e-01 -1.000000000000000000e+00
8.125000000000000000e-01 -1.000000000000000000e+00
8.750000000000000000e-01 -1.000000000000000000e+00
9.375000000000000000e-01 -1.000000000000000000e+00
1.000000000000000000e+00 -8.750000000000000000e-01
1.000000000000000000e+00 -8.125000000000000000e-01
1.000000000000000000e+00 -7.500000000000000000e-01
1.000000000000000000e+00 -6.875000000000000000e-01
1.000000000000000000e+00 -6.250000000000000000e-01
1.000000000000000000e+00 -5.625000000000000000e-01
1.000000000000000000e+00 -5.000000000000000000e-01
1.000000000000000000e+00 -4.375000000000000000e-01
1.000000000000000000e+00 -3.750000000000000000e-01
1.000000000000000000e+00 -3.125000000000000000e-01
1.000000000000000000e+00 -2.500000000000000000e-01
1.000000000000000000e+00 -1.875000000000000000e-01
1.000000000000000000e+00 -1.250000000000000000e-01
1.000000000000000000e+00 -6.250000000000000000e-02
8.750000000000000000e-01 0.000000000000000000e+00
8.125000000000000000e-01 0.000000000000000000e+00
7.500000000000000000e-01 0.000000000000000000e+00
6.875000000000000000e-01 0.000000000000000000e+00
6.250000000000000000e-01 0.000000000000000000e+00
5.625000000000000000e-01 0.000000000000000000e+00
5.000000000000000000e-01 0.000000000000000000e+00
4.375000000000000000e-01 0.000000000000000000e+00
3.750000000000000000e-01 0.000000000000000000e+00
3.125000000000000000e-01 0.000000000000000000e+00
2.500000000000000000e-01 0.000000000000000000e+00
1.875000000000000000e-01 0.000000000000000000e+00
1.250000000000000000e-01 0.000000000000000000e+00
6.250000000000000000e-02 0.000000000000000000e+00
1.013144227510844875e-01 -9.983517918564079885e-01
-9.976309414313921931e-01 5.919619185805977679e-01
-7.578991418417948545e-01 -9.974909133602600786e-01
6.773450205052153894e-01 -9.971486697483455952e-01
9.998702824177625459e-01 -2.788095185852950131e-01
1.044400694483405001e-01 -9.965499799541368553e-01
-1.649852227355141920e-03 5.668829877926497840e-01
-8.709614978099797789e-01 9.985338683818387739e-01
0.000000000000000000e+00 1.000000000000000000e+00
-1.000000000000000000e+00 1.000000000000000000e+00
-1.000000000000000000e+00 -1.000000000000000000e+00
1.000000000000000000e+00 -1.000000000000000000e+00
1.000000000000000000e+00 0.000000000000000000e+00
0.000000000000000000e+00 0.000000000000000000e+00
0.000000000000000000e+00 1.250000000000000000e-01
0.000000000000000000e+00 1.875000000000000000e-01
0.000000000000000000e+00 2.500000000000000000e-01
0.000000000000000000e+00 3.125000000000000000e-01
0.000000000000000000e+00 3.750000000000000000e-01
0.000000000000000000e+00 4.375000000000000000e-01
0.000000000000000000e+00 5.000000000000000000e-01
0.000000000000000000e+00 5.625000000000000000e-01
0.000000000000000000e+00 6.250000000000000000e-01
0.000000000000000000e+00 6.875000000000000000e-01
0.000000000000000000e+00 7.500000000000000000e-01
0.000000000000000000e+00 8.125000000000000000e-01
0.000000000000000000e+00 8.750000000000000000e-01
0.000000000000000000e+00 9.375000000000000000e-01
-6.250000000000000000e-02 1.000000000000000000e+00
-1.250000000000000000e-01 1.000000000000000000e+00
-1.875000000000000000e-01 1.000000000000000000e+00
-2.500000000000000000e-01 1.000000000000000000e+00
-3.125000000000000000e-01 1.000000000000000000e+00
-3.750000000000000000e-01 1.000000000000000000e+00
-4.375000000000000000e-01 1.000000000000000000e+00
-5.000000000000000000e-01 1.000000000000000000e+00
-5.625000000000000000e-01 1.000000000000000000e+00
-6.250000000000000000e-01 1.000000000000000000e+00
-6.875000000000000000e-01 1.000000000000000000e+00
-7.500000000000000000e-01 1.000000000000000000e+00
-8.125000000000000000e-01 1.000000000000000000e+00
-8.750000000000000000e-01 1.000000000000000000e+00
-9.375000000000000000e-01 1.000000000000000000e+00
-1.000000000000000000e+00 1.000000000000000000e+00
-1.000000000000000000e+00 8.750000000000000000e-01
-1.000000000000000000e+00 8.125000000000000000e-01
-1.000000000000000000e+00 7.500000000000000000e-01
-1.000000000000000000e+00 6.875000000000000000e-01
-1.000000000000000000e+00 6.250000000000000000e-01
-1.000000000000000000e+00 5.625000000000000000e-01
-1.000000000000000000e+00 5.000000000000000000e-01
-1.000000000000000000e+00 4.375000000000000000e-01
-1.000000000000000000e+00 3.750000000000000000e-01
-1.000000000000000000e+00 3.125000000000000000e-01
-1.000000000000000000e+00 2.500000000000000000e-01
-1.000000000000000000e+00 1.875000000000000000e-01
-1.000000000000000000e+00 1.250000000000000000e-01
-1.000000000000000000e+00 6.250000000000000000e-02
-1.000000000000000000e+00 -1.250000000000000000e-01
-1.000000000000000000e+00 -1.875000000000000000e-01
-1.000000000000000000e+00 -2.500000000000000000e-01
-1.000000000000000000e+00 -3.125000000000000000e-01
-1.000000000000000000e+00 -3.750000000000000000e-01
-1.000000000000000000e+00 -4.375000000000000000e-01
-1.000000000000000000e+00 -5.000000000000000000e-01
-1.000000000000000000e+00 -5.625000000000000000e-01
-1.000000000000000000e+00 -6.250000000000000000e-01
-1.000000000000000000e+00 -6.875000000000000000e-01
-1.000000000000000000e+00 -7.500000000000000000e-01
-1.000000000000000000e+00 -8.125000000000000000e-01
-1.000000000000000000e+00 -8.750000000000000000e-01
-1.000000000000000000e+00 -9.375000000000000000e-01
-8.750000000000000000e-01 -1.000000000000000000e+00
-8.125000000000000000e-01 -1.000000000000000000e+00
-7.500000000000000000e-01 -1.000000000000000000e+00
-6.875000000000000000e-01 -1.000000000000000000e+00
-6.250000000000000000e-01 -1.000000000000000000e+00
-5.625000000000000000e-01 -1.000000000000000000e+00
-5.000000000000000000e-01 -1.000000000000000000e+00
-4.375000000000000000e-01 -1.000000000000000000e+00
-3.750000000000000000e-01 -1.000000000000000000e+00
-3.125000000000000000e-01 -1.000000000000000000e+00
-2.500000000000000000e-01 -1.000000000000000000e+00
-1.875000000000000000e-01 -1.000000000000000000e+00
-1.250000000000000000e-01 -1.000000000000000000e+00
-6.250000000000000000e-02 -1.000000000000000000e+00
1.250000000000000000e-01 -1.000000000000000000e+00
1.875000000000000000e-01 -1.000000000000000000e+00
2.500000000000000000e-01 -1.000000000000000000e+00
3.125000000000000000e-01 -1.000000000000000000e+00
3.750000000000000000e-01 -1.000000000000000000e+00
4.375000000000000000e-01 -1.000000000000000000e+00
5.000000000000000000e-01 -1.000000000000000000e+00
5.625000000000000000e-01 -1.000000000000000000e+00
6.250000000000000000e-01 -1.000000000000000000e+00
6.875000000000000000e-01 -1.000000000000000000e+00
7.500000000000000000e-01 -1.000000000000000000e+00
8.125000000000000000e-01 -1.000000000000000000e+00
8.750000000000000000e-01 -1.000000000000000000e+00
9.375000000000000000e-01 -1.000000000000000000e+00
1.000000000000000000e+00 -8.750000000000000000e-01
1.000000000000000000e+00 -8.125000000000000000e-01
1.000000000000000000e+00 -7.500000000000000000e-01
1.000000000000000000e+00 -6.875000000000000000e-01
1.000000000000000000e+00 -6.250000000000000000e-01
1.000000000000000000e+00 -5.625000000000000000e-01
1.000000000000000000e+00 -5.000000000000000000e-01
1.000000000000000000e+00 -4.375000000000000000e-01
1.000000000000000000e+00 -3.750000000000000000e-01
1.000000000000000000e+00 -3.125000000000000000e-01
1.000000000000000000e+00 -2.500000000000000000e-01
1.000000000000000000e+00 -1.875000000000000000e-01
1.000000000000000000e+00 -1.250000000000000000e-01
1.000000000000000000e+00 -6.250000000000000000e-02
8.750000000000000000e-01 0.000000000000000000e+00
8.125000000000000000e-01 0.000000000000000000e+00
7.500000000000000000e-01 0.000000000000000000e+00
6.875000000000000000e-01 0.000000000000000000e+00
6.250000000000000000e-01 0.000000000000000000e+00
5.625000000000000000e-01 0.000000000000000000e+00
5.000000000000000000e-01 0.000000000000000000e+00
4.375000000000000000e-01 0.000000000000000000e+00
3.750000000000000000e-01 0.000000000000000000e+00
3.125000000000000000e-01 0.000000000000000000e+00
2.500000000000000000e-01 0.000000000000000000e+00
1.875000000000000000e-01 0.000000000000000000e+00
1.250000000000000000e-01 0.000000000000000000e+00
6.250000000000000000e-02 0.000000000000000000e+00
-9.708702158616948630e-01 5.250581889725078888e-01
-1.636235087624828832e-01 6.432389493177215201e-02
-7.281658148505496531e-01 -7.730889490474148751e-01
-6.845509330870866993e-01 -8.293232757803958854e-01
-9.083815450220600329e-01 2.127372599490595650e-01
-8.039703876896600043e-01 -8.460210116537567604e-01
-9.742216212742915715e-02 -2.688480120312830568e-01
-8.767920860216043000e-01 8.800497374198434919e-02
-4.478432770704143806e-02 -4.688548616226362320e-01
-3.222330269076221221e-01 5.052900050106288177e-01
5.374028645974313623e-01 -4.049954827032185012e-01
-3.752026249834110594e-01 -4.688032393593171143e-01
-2.761244425923219392e-01 9.815252328849983776e-01
-5.690177817929573667e-01 -3.728472124679009791e-01
1.760416023539379538e-01 -9.255717738597264432e-01
-1.351487014698764533e-01 6.071147220069532668e-01
-7.523033581459472874e-01 -6.143180128024874342e-01
6.609525405811289556e-01 -7.599936232373156741e-01
-2.557164857731455410e-01 -9.699917729179072801e-01
2.189498237449800655e-01 -4.870209449757396669e-01
-2.041300302944679679e-01 -1.786755758172351438e-01
-9.062506260396558933e-01 5.227050962872357154e-01
-7.389549984880232625e-01 -2.587763972881524932e-01
-1.751327468436052470e-01 7.566593407635369140e-02
3.742795910191185627e-01 -5.113815898788607317e-01
-9.304757967648180639e-03 -8.315948437149047745e-01
-5.627269365524620870e-01 4.545414716911890807e-01
-6.818914089964052128e-01 6.507373369481728176e-01
-5.524204786354234287e-01 -1.814305233352757618e-01
-4.836010948817319743e-01 -3.344230275907724703e-01
-5.608682123382240370e-01 -9.173652554540574489e-01
-8.852055047815754474e-01 -5.681721584628358634e-01
9.529190855302589469e-01 -1.938679686712565520e-01
-4.219861423859652128e-01 -4.549076041473145704e-01
-5.828491751141322563e-01 -3.899218625589151443e-02
5.122021886395655699e-03 -8.203845941407010844e-01
-1.733915453640211268e-03 9.802479411882807359e-01
9.064252569876329879e-01 -4.090808539227364093e-01
6.093116310690132043e-01 -5.332518286704668320e-01
9.903582323243445007e-01 -9.258012580875780717e-01
4.778666840972176644e-01 -2.644776821508409981e-01
-1.591136725859136902e-01 4.016554780922496626e-01
-1.776720604262880254e-01 -2.351359574375155859e-02
6.167950857470079207e-01 -7.034020974664503267e-01
-1.113697989163482394e-01 5.637745723547504806e-01
1.198972033189482644e-01 -7.717319502109565299e-02
-9.613468990731774966e-01 7.580796412901724679e-01
-8.244285693419686201e-01 -5.760806278339158926e-01
-9.923742281197966975e-03 6.277163870710085192e-01
-5.331227718153115358e-01 7.028468940563830092e-01
-6.461307468188952630e-01 5.181836825122094758e-01
2.332481973892086557e-02 -9.373298871123392217e-02
-4.183256137220201509e-01 5.408192814562451378e-01
-8.358860270664496550e-01 8.050964881041720034e-01
2.800454214011902643e-01 -7.992965996151817354e-01
-1.983378395155028784e-01 6.021667081526731469e-01
6.649364376506743390e-01 -3.807302256047877531e-01
1.562193923460442058e-01 -1.024728284655407329e-01
-5.614151017233850460e-01 -9.821600637901228836e-02
-1.965697256923215619e-01 8.390211465896519893e-01
-1.883755215388829285e-01 -3.334393959849519806e-01
1.013144227510844875e-01 -9.983517918564079885e-01
-6.622525792052746940e-01 -4.261847370050952932e-01
-8.249383380498216400e-01 -1.268829757136697989e-01
-7.258556710650765353e-01 -6.716786373093406315e-01
9.059227512784988612e-01 -6.406241789064119896e-01
-7.550887842601532451e-01 9.438219433144001691e-02
-6.879244388981371472e-01 -7.887636401901740868e-01
-2.678158185907191235e-01 5.496379295219662175e-01
-6.280109274329648272e-02 3.647617319477010067e-01
1.912277953415864040e-02 -8.023202961859423610e-01
-2.445050294979220773e-01 5.276226976659286194e-01
5.293552685727722640e-01 -8.978783007051038823e-02
-7.367053702321715303e-01 2.159606104344087285e-01
5.298222916015498107e-01 -9.549256241576897786e-02
9.236483325561306579e-02 -5.357478933987902536e-02
-6.178536136482348784e-01 9.269470517889824013e-01
4.168636949031534478e-01 -3.800373746299867683e-02
-5.303135003761263455e-01 7.057939277096847430e-01
-1.698469229654691048e-01 -5.040524739834231216e-01
2.134563315531559091e-01 -4.347838379429482814e-01
8.587497977812204031e-01 -7.877602563055183804e-01
-5.394165721815806780e-01 3.936578528933829535e-01
-9.976309414313921931e-01 5.919619185805977679e-01
7.217127962480085479e-01 -2.540086442929454513e-01
-8.629738197963485735e-01 8.568369497544710001e-01
-2.129760450184730036e-01 8.250995577747213261e-01
-5.691600522058126721e-01 9.586150852795150001e-02
-8.915969960711906950e-01 7.610111774986658695e-01
8.773258097876548423e-01 -5.597881472788730495e-01
9.238027974272782217e-01 -5.565714777962083026e-02
5.404152052520774241e-01 -5.421767395347454332e-01
3.245242468891298415e-01 -5.393155228703505610e-01
2.094797300250548222e-01 -7.752195952823910385e-01
-9.615401602170232653e-01 3.193588974571037742e-01
9.826173311660586496e-01 -9.150172203931932202e-01
-2.390959999014687920e-01 -8.231977854126635297e-01
-5.842220802449584749e-01 -3.934435666232305451e-03
-1.050911849536255716e-01 -6.165801950950797750e-01
-9.336417126166438596e-01 9.888451438574565877e-01
5.119554472354892471e-01 -4.726512265858004991e-01
-7.714433351295975072e-01 7.262646056325288146e-01
-6.833629266888139320e-01 3.653683543529828714e-01
-8.202996467296075345e-02 -7.162689307070875255e-01
-8.965302027978951926e-01 -4.036701515439691246e-01
-5.277552114254888682e-01 -4.422686420291443987e-01
-3.198549498262996948e-01 -1.662284923627648237e-01
-5.680877189108370917e-01 6.710698928635301375e-01
-3.466711373581292666e-01 -5.166627175295746000e-02
2.427518921836346877e-01 -7.814768246799252971e-01
-1.417708889421320784e-01 -3.059060936215181048e-01
3.919886723287810959e-01 -3.918459003753100856e-01
-7.791720175343852528e-01 6.358775669157716859e-01
-9.894351593498746933e-01 -2.016280617292709465e-02
-1.856704501864845369e-01 2.430838866997864223e-01
7.993650799436260446e-01 -6.630744693885997076e-01
-7.409509487637317982e-01 -7.799550244171542523e-01
9.048103672170546563e-01 -8.377048651098581988e-01
-2.947140726357169171e-01 7.277933112656340686e-01
-2.065254113602941199e-01 3.296541399643999615e-01
2.153440736704885783e-01 -1.900463347107934631e-01
-8.203348746077356868e-01 6.133887528298211933e-01
7.949243175411806472e-01 -9.840604751937322980e-01
4.974962719599766992e-01 -7.721701696638862966e-01
-4.525261074119084626e-01 -9.015449773997279426e-01
-7.106428429793403279e-01 1.545273611577209216e-01
-8.236402117603343065e-01 2.620704810637002335e-01
4.565792631445111383e-01 -1.861079504264462336e-02
-3.077915684445473588e-01 2.864032359802242134e-01
-2.413761086722434612e-01 5.381568088111208237e-01
9.140787017226692512e-01 -5.943004588229467977e-01
-5.263856055895446140e-01 -3.075999955756156812e-01
-6.850765372558014210e-01 -6.814119032403358478e-01
-5.147033720826128533e-01 6.140216432719514117e-02
-1.710655997576613352e-01 -3.714106827311738357e-01
7.632803959675755756e-01 -8.552353434546160482e-01
-8.550043607113224642e-01 -1.685444056089331344e-01
7.961444041568428442e-01 -4.574399159125430714e-02
-9.872410641935742692e-01 5.316231072061072815e-01
-3.724873899070972882e-01 -5.623135927739220108e-02
-4.950584078131388122e-01 -6.265687962183574822e-01
-2.125343137067072785e-01 5.929068820338407875e-01
-7.522244710583518845e-01 5.382360021185448318e-01
-9.206693465977708879e-01 -5.576349605898851536e-01
7.136478547389568661e-02 -4.736905101258095385e-01
9.355334007430460286e-01 -4.609171397915605706e-01
-1.371684815812557190e-02 -8.806988567439266724e-02
9.813688010110381832e-01 -2.524263734179625907e-01
2.798752620111417677e-01 -5.307195156395048130e-01
-1.880364427692733376e-01 3.928659317374567639e-01
-8.591419367167365539e-01 -8.645713770182474889e-01
-3.560865944825344354e-01 -4.995966496054879968e-01
-1.053273096874334236e-01 8.946078499816501051e-02
-2.415899010686903825e-01 2.985573266570977768e-01
-5.699024584349410283e-02 -6.576739280341155069e-01
1.398270827524008553e-01 -2.234383707980522882e-01
-3.627062164123591170e-01 -7.111761140055361530e-01
2.631270228071032058e-01 -4.215529922346785696e-01
-6.396937162662394982e-01 -1.305390651613307362e-01
-3.381800859686150407e-01 6.201215355615319336e-01
-5.218301063685908403e-01 2.881879688295405639e-01
-7.806561438285681831e-01 7.435415687357447290e-01
-7.218766688291948785e-01 -3.470251854178818540e-01
-5.619400508198297839e-01 -8.464480714155215857e-01
-3.500306975548195254e-02 -6.983817856212548580e-01
-3.743753309155217757e-02 3.209793344641249657e-01
-8.168547996887018936e-01 4.339110881324925728e-01
2.294078778786849959e-01 -4.977037436498505940e-01
-6.097996247133299352e-01 9.232256303806676279e-01
5.004376510707679859e-01 -5.598642636496433678e-01
9.062179147399245238e-01 -8.039537245361971785e-01
-2.645445767109648738e-01 6.210740520471582649e-01
9.455096866341423656e-01 -2.626702490933363610e-01
-6.087170311507705822e-01 3.034633029398818849e-01
8.290053520084792460e-01 -5.931376832211296968e-01
5.288830634450876200e-01 -5.864815274035795056e-01
-8.193045126818954138e-02 1.565446216129082746e-01
4.571549119573778963e-01 -5.543371839385804467e-01
-3.033960436828619933e-01 -1.064644214822911827e-01
2.346929783374556155e-01 -7.371701213230859029e-01
-2.280341352485810713e-01 -6.226985277510781458e-01
-7.607978232972636423e-01 -7.085597523099484984e-01
3.434006016136572637e-01 -8.378173103947295086e-01
-2.581963828263056371e-01 4.476293422192214599e-01
7.152554098778218794e-01 -9.559702778262306744e-01
-5.148390624630176937e-01 -4.191841348231215569e-01
2.660543177981589125e-01 -8.716577747138245513e-01
-5.677634750489226612e-01 -8.639524869740842217e-01
2.113591766351983203e-01 -2.847628971110218732e-01
-7.578991418417948545e-01 -9.974909133602600786e-01
-8.737821362783237955e-01 -8.982434957409859422e-01
-2.022457595579738587e-01 5.311440111804790476e-01
4.166291497625282947e-01 -3.057827708552758317e-01
3.201360421929493327e-01 -4.788693216915997919e-01
-8.338932909078802247e-01 9.419101351159477886e-01
7.936823350255648446e-01 -8.069581488244992329e-01
-2.287585143035579804e-01 -9.396001713449719794e-02
5.900008051018328370e-01 -7.307788988719212675e-01
1.120841326308927854e-01 -2.552243870132804293e-01
1.142445181235198781e-01 -3.294408886783963819e-01
-7.090331255337771754e-01 -4.311588411312048397e-01
7.241033653544237669e-01 -8.353741532686389526e-01
-6.379652481748288029e-01 -2.666520382849817405e-01
1.042353595685612255e-01 -1.276953284929380761e-01
3.146345808480122130e-02 -6.322306249097060515e-01
7.665372158980165995e-01 -6.529375699085360196e-02
-7.837363319562131725e-01 4.015523508868239499e-01
-3.049877331256145574e-01 7.243286673383586560e-03
3.256703523293238423e-01 -8.722736125460135437e-01
8.176477879303793994e-01 -8.368867222741831480e-01
-2.931960831968598580e-01 -2.389657567185961007e-01
3.287833036747229709e-01 -2.657969462229086144e-01
8.010064026384726699e-01 -7.320505957191962843e-01
3.241993719743678781e-01 -5.793811163645830042e-01
-1.511083943241515737e-01 -8.538545340943193285e-01
-8.864323062093422134e-01 -5.329285330776700746e-02
-5.544612845450405114e-01 3.370208800759477707e-01
-2.508821357210799796e-02 -6.018590172578481834e-01
-9.572919998484976656e-01 4.478469962590916342e-01
1.433190434142774805e-01 -7.035766859165704101e-01
-8.028913128014449896e-01 8.153332028764004313e-02
-4.899152674469311464e-01 -2.608012803239720956e-01
-6.206890920886842800e-01 5.095487702685550513e-01
3.505726766422030405e-01 -9.747781819254548452e-01
-1.187892646153407838e-01 -5.441061668479731939e-01
-6.840005041822951881e-01 -3.693143077702547572e-01
9.554014115539932739e-01 -4.360562483538428236e-01
-2.628311540633823107e-01 -9.663900379516976447e-01
4.198764299462292016e-01 -2.313142209847152131e-02
-8.900644961148949097e-01 -5.775701101679402427e-01
-4.794445847040362807e-01 -8.306116307105753105e-01
4.629257911381694512e-01 -9.511647837315417853e-02
6.492658122227212836e-01 -8.657041017780811032e-01
7.320675594703849320e-01 -4.405506727544339363e-01
8.730470634172067257e-01 -9.052833559972894850e-01
-4.404955111094501774e-01 5.165508919229553353e-01
-5.384204375161800726e-01 -1.361674182354322138e-01
-1.986407066651911801e-01 -9.794855142203440224e-02
1.051360788083910425e-01 -5.980790598953067416e-01
9.637516861781145749e-01 -6.648756788458454192e-01
-6.364248357111090826e-02 1.811730005715519454e-01
8.933330859687171888e-02 -5.342166397785002019e-01
-1.331418226830911600e-01 -2.770529879482448443e-01
-2.214859754341420572e-01 5.155779800041879746e-01
-5.514802759494328299e-01 8.141180862281498509e-01
-7.637706995580395564e-02 3.329131878643338815e-01
-6.744265826365585248e-01 -9.561265276656940593e-01
-9.306281666238087613e-01 2.880048790299851724e-01
-1.358666113861484170e-02 4.173711313171499793e-01
-9.903423784702991561e-02 1.180939699380063601e-01
-6.673283888039793776e-01 8.245630436446287348e-01
-3.516683108700382476e-01 2.407692220839945385e-01
9.640544111775581904e-01 -8.714342671956785136e-01
-8.424230545809097137e-02 -9.215027833836884064e-01
-2.734528699250464712e-01 -7.733804371374011222e-01
-9.466939613128291242e-01 1.027259003911669133e-01
-1.112865691033602111e-01 -8.010617714857311000e-01
5.606130746907123097e-01 -5.437146601134283941e-01
-3.477186946827723890e-01 5.531451917524399242e-02
-1.803157044143883780e-01 -5.539920459026843602e-01
-5.685851489025524064e-01 1.818032419859536564e-01
-9.598388052588080477e-01 -9.607648046878325410e-01
9.767540283719235994e-01 -8.737591290552442214e-01
-4.160183692228844876e-01 9.701926409227430437e-01
-2.401167298104838199e-01 6.802779677244228385e-01
-3.874106522270028830e-01 -6.297670643247430533e-01
6.837130587110185065e-01 -5.000395699252073722e-01
-1.059448440772814415e-01 5.525503325938214694e-01
1.493315897376479295e-01 -8.287140939146957486e-01
6.901498572624475969e-02 -9.877989912527107563e-02
-9.874887335263378141e-01 -7.321592564429302286e-02
7.508470640659770101e-01 -7.432475709225672134e-02
-5.194055892113198514e-01 3.079176429968999429e-01
5.540647713026412013e-01 -8.174870716503654933e-01
3.659004121274951338e-01 -1.508246419231513702e-01
-4.933677427634086676e-02 1.104094873060423865e-02
3.078424693350476637e-01 -5.835663692363801669e-01
-6.576961056479517786e-01 6.193220990198280429e-01
1.501571510970918233e-01 -6.385883054645953294e-01
4.911230004644508984e-01 -8.924599752877779846e-01
-5.614506072681895166e-01 9.409688565653060444e-01
2.429345246116585422e-01 -7.665496089096284216e-01
3.604717160444002033e-01 -1.930468773551312633e-01
-3.426501208664274323e-01 -8.474604581300271278e-01
1.774174073564811493e-01 -4.521566466246615956e-01
-6.242495383617148175e-01 4.522643087033828557e-02
-5.755465480889785379e-01 -3.335089666424551069e-01
5.838800731494520058e-02 -5.860954352848617432e-01
-9.469554706897116425e-01 -6.595527666517808640e-01
1.360428134067972472e-01 -4.058274815106857059e-01
-5.044625748520976671e-01 -9.479940676537548239e-01
-2.023270065134037399e-01 1.784037930076582956e-01
-4.214804250629695659e-01 -5.473740652733922740e-01
-5.558983258174063913e-01 9.467431729695838794e-01
-4.361556141396323305e-01 -6.429871799558388723e-01
-8.827305374849381270e-01 1.783440194621932484e-01
-4.322951695975385533e-01 -9.312242939070283221e-01
-4.502763735652153265e-01 -7.789452960774558843e-01
-6.674646410078679537e-01 2.217508808168395795e-01
5.258918681018354135e-01 -2.689846339326709135e-01
-4.031035529503077530e-01 -5.572754595530740040e-01
5.208336877368189288e-01 -3.707157116366934790e-01
7.406661294827958653e-01 -6.569099313277089180e-01
4.908565422184523186e-01 -1.183930675112949693e-01
9.681380509582560023e-02 -2.190015109565455198e-01
9.816576605250422194e-01 -5.622223006329396533e-01
7.743010547972062341e-01 -6.520812700332665468e-01
-3.876559208375387477e-01 4.997120455204915324e-01
-7.741814958875155028e-01 -7.387279090242990787e-01
-5.444955597528799984e-02 6.641184942413034253e-01
1.639014369407580940e-01 -2.033448655020420048e-02
-6.506386626959224095e-01 -2.278014472389984224e-01
-7.443971649764575815e-01 -9.729390635056125447e-01
8.374928890595434439e-03 -2.867748186881182715e-01
9.526504423826913648e-01 -9.638960239878751057e-01
7.963268249395480947e-01 -6.280686808032496238e-01
7.628605564820079010e-01 -1.637393987539066398e-01
-1.630008518240688709e-02 -5.866414312778376328e-01
-6.788691797006691786e-01 3.527195225575145976e-01
-3.498527500352872632e-01 1.993630953957590268e-01
-3.505234606593077284e-01 -2.310108267227271028e-01
5.092473701725104274e-01 -1.422716414334128654e-01
-8.580733548472634364e-01 -2.499813588763744043e-01
2.361706977127844276e-01 -9.540082742122908410e-01
-2.810651165286537356e-01 3.799659445025542759e-01
-8.281331463836967277e-01 7.258710735361340038e-01
-6.848468227084947291e-01 5.682506292647211410e-01
-2.729727862470978650e-01 9.230479031978102711e-01
5.399255832793832255e-01 -9.097606964363114113e-01
-2.850769479805228546e-01 3.180584230871235096e-01
3.898683839759831127e-01 -7.463951016093075541e-01
2.664729126450986474e-01 -9.806774871656616099e-01
-9.588198122872373386e-01 -2.030938782385667274e-01
-1.415798345675036707e-01 -5.350181408176157838e-02
-4.521994046276656132e-01 -8.266195246081662340e-01
-4.007221628690440518e-01 -6.810444679911973331e-01
-5.170341548878127913e-01 6.670691466552449711e-01
-4.003730586414269155e-01 -1.910043325397601244e-01
-7.626457837523092920e-02 5.524362100719337754e-01
-9.791672739784118562e-02 -1.654307578246154709e-01
-1.522766543480920109e-01 -6.632069864352725386e-01
-8.887859067826962001e-01 6.946708078286096821e-01
-6.580057603982465420e-01 7.412553446167218230e-01
6.488880366832932012e-01 -5.474343203410694247e-01
-6.118647926237930079e-01 1.639094884258507356e-02
-9.436246171470195065e-01 -3.106537938770932428e-01
-6.289379593377524280e-01 5.962647924337649563e-01
-1.516453745139358933e-01 8.591138583879271984e-01
5.401712538653709039e-01 -3.649484952514889802e-01
7.591866704465015658e-01 -4.763887243966902219e-02
-8.036744671838460530e-01 5.001867664944321668e-01
9.674693311086570713e-01 -2.115159486860096472e-02
7.374272699159014621e-01 -5.111073737052962418e-01
-3.253239633669930964e-01 3.870122006933522929e-01
-6.448571892107652914e-01 2.437717815719764314e-01
-9.180870615785186040e-01 2.692263013060944843e-01
8.131343868643168271e-01 -4.579556272849849563e-02
-1.784033975115959514e-01 6.406387530395285523e-01
-8.860033109384302108e-01 6.049424399082576898e-01
5.917101637863706465e-01 -8.488581581694847333e-01
1.503613444597364790e-01 -1.827322310970036501e-01
-2.386787824645801859e-01 -5.648594839283966884e-01
9.608108381819573385e-01 -7.856838806133219499e-01
-5.759771386691927564e-01 -1.056430737613232029e-01
-3.037012324660359752e-03 -9.934709242263948248e-01
9.854382722136014738e-01 -8.042901783363096690e-01
8.261091675503617893e-02 -6.264774991181343289e-02
-2.418342297240640981e-01 7.934925682496383192e-01
1.901369618865740296e-01 -8.700941810028506307e-01
-2.087771350272276116e-01 9.644183316580232646e-01
-6.867024807549104715e-01 1.246360916041326927e-01
-6.153754054162614562e-01 4.938647588283515688e-01
5.866584411662492116e-01 -8.221248510885046379e-01
8.711919102834746464e-01 -2.361331026922979248e-01
-1.998630037597814990e-01 -7.226381203468359438e-01
9.523522354756950303e-01 -1.873140339509233865e-01
3.334412130360615567e-01 -4.751917954408824141e-01
-1.210381147876415930e-02 -6.016282161369626014e-01
9.700655371170303631e-01 -5.578170987565522765e-02
-1.288269597869495797e-02 1.682317327752078651e-01
6.839591582147990234e-01 -7.846553177595338990e-01
4.881659938981526281e-01 -1.322459812206533414e-02
-7.546828242253869057e-01 -6.343467785799334901e-01
-9.776553394029545707e-01 -5.484945037570165827e-01
-6.204250950501433159e-02 -7.877857193495492183e-01
-8.534877798810462934e-01 9.289904723072310855e-01
-1.953881956645924234e-01 -7.590942468330974524e-01
-1.393340831981531025e-01 -2.600780151962305276e-01
1.306232485734120097e-01 -5.841665791556254206e-01
-7.939144996657783171e-01 -6.346221099484681272e-01
9.604894515704445190e-01 -9.768378486765396662e-01
-5.320642067884120419e-01 -3.487984923428579798e-01
5.466796314601194418e-01 -8.433097968318412629e-01
-4.963019351147532898e-01 1.863207985108854547e-01
-4.622868590640738518e-01 -2.662322145727864520e-01
6.550142483997023479e-01 -9.470169001099359996e-01
4.483680230773079423e-01 -5.085978403161139916e-02
-9.951316542592869574e-01 -2.239890672674114125e-01
2.921038079293238887e-01 -4.993552042598452534e-01
2.179581739109495153e-01 -7.872931648569803098e-01
-3.167813607303715528e-02 -3.850132200457418996e-01
-2.156145209190378775e-01 6.518361427060743729e-01
-6.630953584740750806e-01 9.421665521939186494e-01
8.744360897192251514e-01 -6.085033184583299448e-01
-5.299695998689657461e-01 2.687374726504281330e-01
-2.833997452109862092e-01 1.479782718154161181e-01
-8.220666172703317010e-01 5.221368544744904305e-01
-4.175042354759341823e-01 9.283086017482027330e-01
2.262251044120677790e-01 -2.845489601033803773e-01
-6.910570745959920824e-01 -3.375701921333735811e-01
4.176776797089916116e-01 -4.691119728707080494e-01
8.114231597256997830e-01 -2.440523669671401663e-01
4.593194608067385776e-01 -6.238647499657770101e-01
2.372556697281538174e-01 -3.390919289432603456e-01
-3.733696282565295288e-01 -3.911145179250099524e-01
7.531160205007194630e-01 -5.401991106785450913e-01
-4.602298597471448094e-01 8.540338886286489295e-01
-8.165185794152081122e-01 -3.691681244527516004e-01
-1.580267946293203440e-01 -7.554227861056772575e-01
-9.741124161750931432e-01 5.193261707779091019e-01
-3.411768275074988921e-02 -6.947111907987664203e-01
9.976705371766962926e-01 -4.283947557093874536e-01
-9.441886834533701478e-01 -7.074636645030083493e-01
-9.010285934222201920e-01 -2.384885403912981872e-01
9.474749493044372084e-01 -3.657944180853640592e-01
-4.848884379568889624e-01 -2.001011216867953912e-02
-2.215383970529041235e-01 -7.483180575189345429e-01
6.185326776492645617e-01 -3.878070221489524627e-01
3.075602157725789709e-01 -3.331088411845928299e-02
-4.536543361713045730e-01 2.795717711013621098e-01
-9.674161423698537376e-01 6.873707232513386334e-01
5.396647465362358620e-01 -6.268360895218627604e-02
-7.831821032128107873e-01 -2.916878979680663786e-01
-6.084490892107239368e-01 9.383694022425730363e-01
-4.072724172581310143e-02 5.520655168206323182e-03
-9.386946572928323018e-01 3.280580147730975948e-01
-5.099765567872365235e-01 -7.900997129299636157e-02
-9.525431446325243190e-01 1.389097107052514879e-01
6.114923051685485778e-01 -4.741791784091664574e-01
7.944855300680599974e-01 -2.594498859421627834e-01
-4.006929503641589729e-01 5.472584844144701144e-02
-8.809312010073664378e-01 -3.462884204496585738e-02
-7.960414372358668444e-01 -8.680232962494212057e-01
-6.300327248108981149e-01 4.167459114109326457e-01
-4.257311468437463553e-01 9.950561401101127856e-01
-9.009491579016701834e-01 8.508899995579601860e-01
-6.114658785030524513e-02 3.615922350767208915e-01
1.250813053484440829e-01 -5.773601395956933224e-01
-8.321404072425271359e-01 -5.789247397541490425e-01
-9.415674484137204203e-01 6.524496811341569114e-01
4.678953967608023845e-02 -9.134198050092920962e-01
-6.330261453049528253e-01 9.196396666950721333e-01
7.142284689819327070e-01 -9.043400230211033897e-01
-8.037916749540088279e-01 8.074761910269085963e-01
-3.157249296468145339e-01 9.767688449525253613e-01
9.891838682131348648e-01 -6.122839418972734205e-01
5.667617072091912789e-01 -5.199342457707494258e-01
9.950035610524305962e-01 -1.157321777664817031e-01
2.397620308865093808e-01 -3.265451556763017127e-01
1.871704214641196629e-01 -5.266496960220079515e-02
6.773450205052153894e-01 -9.971486697483455952e-01
-6.286749737765513490e-01 -5.610551249380344441e-01
3.369861309102302194e-01 -1.157495205250678172e-01
-8.283824263454488968e-01 -2.782551910728581213e-02
-8.616975563855850950e-01 2.270275458762793797e-01
-9.526075359230123940e-01 -8.037091809692342714e-02
-2.236719914136551246e-01 7.177747032629187007e-01
-4.953550044136210140e-01 3.496623489356114334e-01
-2.274634016253549440e-01 3.775256798445938422e-01
-8.462714408312579373e-01 -9.856979458038694908e-01
3.900291045239756560e-01 -2.138178048073204884e-01
-3.420203265347121491e-01 -3.105170726015391569e-01
-7.591588679045373489e-01 -8.912010427610692620e-01
-7.055556648883922755e-01 2.012026128842656636e-01
-8.345590771068616132e-01 2.666191146164944570e-01
-1.402267367353424721e-01 6.894631167726352761e-01
2.957876116577975445e-01 -9.697473980485460388e-02
-6.945486658666200075e-01 5.198315977800742615e-01
-5.566608131267911652e-01 -1.757016294253934685e-01
2.654133938967664363e-01 -8.130775650322386028e-03
-7.135992152313668235e-01 6.739714872491207043e-01
-4.515738047006956357e-02 9.890224062889856338e-01
-8.399363077960795287e-01 -5.848572201573503104e-01
-6.242249293347876815e-01 3.048642429153956002e-01
-6.948760496987198554e-01 -6.742620844534732427e-01
-3.954744333674340417e-01 -6.838039391546104628e-01
5.900586789867225956e-01 -4.000243860486205616e-01
4.868524718455475853e-01 -4.126295948144225179e-01
-1.686629323412069947e-01 9.719417596113415492e-01
-6.132404168537262112e-01 -2.352355785365813912e-01
-1.488459484969741897e-01 4.865509836737456073e-01
1.644206489916262282e-01 -3.602953772627133233e-01
-2.151238138557109991e-01 -7.016002383875061810e-01
-7.443793210679132688e-01 -5.424675330722774635e-01
-6.208034044811334695e-01 9.626025283190420279e-01
-2.524739131634508027e-01 5.617926638915049509e-01
3.797965474774736006e-01 -3.883659827283219013e-01
-6.798811385937513219e-01 1.752314587433034809e-02
-9.693032384643143207e-01 3.824277210200823784e-01
-8.438851033670702328e-01 5.805044941316193086e-01
-3.328824685591216248e-01 7.753941334039204936e-01
5.192711888436405410e-01 -9.225639311472277893e-01
8.713966190463853234e-01 -8.677455211835360949e-02
6.784574744873577146e-01 -6.528234548364186818e-01
-8.930524424431183217e-01 4.076979128008326736e-01
-8.454962201765634511e-01 4.718979896506867444e-01
6.310635624026237345e-01 -8.095046216423493757e-01
-7.468801211488229619e-01 -8.214518514102877589e-01
-7.324309703953695294e-01 -2.124868962805503969e-02
-2.915172261148621935e-01 2.333146198926385750e-01
2.850472799570611393e-01 -7.421925033216416612e-01
-1.166606622976666952e-01 5.275601293810596726e-01
-6.266986403967842456e-01 -3.948902899293571522e-02
6.401757040044167013e-01 -1.950374042649474227e-01
-7.675708878952642866e-01 -8.662458470684846201e-01
-4.278892056707803704e-01 9.556752011108387013e-01
1.986489055554010452e-01 -5.224212081169878896e-01
-2.900526619895822389e-01 -1.848956393470686521e-01
-1.916552580951997875e-01 -2.853691724472142699e-01
-8.821076934288776261e-01 -2.065875179173506382e-01
-7.620614199914679254e-01 5.837580036528944305e-01
4.135000417798346817e-01 -2.376346195491365609e-01
-7.734756428605928935e-01 7.324503333125407245e-01
-9.870464665624389955e-01 -4.715648221493009551e-01
-1.389180743079025948e-01 7.622244065104613053e-01
-1.462580696311357453e-01 -8.231520377679331091e-01
-8.789114781732632053e-01 -7.576238966632606875e-01
8.909018859587636285e-01 -3.839453859327706109e-01
-6.636019355976661149e-01 -3.082999861373367789e-01
-6.417289611786067827e-01 -7.056441144377738617e-01
9.139444099243250186e-01 -6.471649573575870562e-01
-6.100033061115950339e-02 6.947338135959690852e-01
-8.934971623842515864e-01 2.294579806911354325e-01
6.788254338157302392e-01 -5.794854660755557330e-01
-7.074061919110545826e-01 6.801276235640587586e-01
8.418567343354728116e-01 -8.447536408953604248e-01
-5.635090211116919878e-01 -6.284534611061387555e-01
-9.244417236486244249e-01 -5.470482351635987950e-01
9.159478167317602892e-01 -2.646578238298140651e-01
-5.032165722871086988e-01 -4.746127724114794777e-01
-3.267629958662263689e-01 3.913931076243208906e-01
-7.620697514630334624e-01 9.180875094716878237e-03
3.991176797937709964e-01 -1.580475165004804339e-01
-4.709607477216706251e-01 9.478856610586858800e-01
3.620080529600351316e-01 -8.818450674936983980e-02
4.302966626629154412e-01 -8.216700188661629767e-01
6.752274440771035557e-01 -9.075414079885322227e-01
7.739489414685936097e-01 -3.446944216993519383e-02
-4.484932948187927426e-01 -1.182076689171440709e-01
-4.389080986559437125e-01 -6.452721170952384622e-01
2.194303730421880427e-01 -6.293715644094874939e-01
-1.354018365655673684e-02 -8.544947266912272799e-01
-4.380418991106642679e-01 -6.912010215098551846e-02
-3.578176201548270985e-01 1.542128709535768305e-01
-1.997259386653591484e-01 6.172785858517242374e-01
-3.678930404990454761e-02 -7.229191279895443856e-01
-8.748252396516078555e-01 -4.589556766445015423e-01
1.436787403018033871e-01 -7.912378027135464897e-01
-2.463262481025865203e-01 6.238387791504718116e-02
-7.077078908363023668e-01 6.410681506988469280e-02
-7.251868713134876909e-01 5.342440009813231860e-01
-7.379202500591404146e-01 5.752377541850361986e-01
-5.361310157746175253e-01 -9.171883070922199899e-01
-5.891905532621701802e-01 7.276741007041052089e-01
-4.827510725389263513e-01 5.473867910331031705e-01
-4.349632983157860622e-01 7.232878385259211562e-02
-6.502207949705396395e-01 -8.323682365348994416e-01
-1.908136899788632768e-01 5.778522235271998930e-02
-6.509335250456826927e-02 -9.716405636698661752e-01
1.608448060628129284e-01 -3.196724380476694272e-01
5.450653346922158526e-01 -2.142859340346063846e-01
1.617444370215412874e-01 -9.701201187484047583e-01
-1.162692257193604917e-01 3.503358553002742237e-01
-4.703886286687044560e-01 6.456258221427590982e-02
-2.853190928140625360e-02 -6.129675348486036679e-01
-4.167521028475438261e-01 -9.253135658002886732e-01
-2.890662852932406324e-01 -8.051266498464157984e-01
5.980794088102772132e-01 -8.025480831274236504e-01
-1.246601409763405943e-01 -9.567527601597285436e-01
-2.203211792519157441e-01 9.471237126198739364e-01
-2.481524093549760668e-01 6.868000277287298339e-01
-4.590553327141897455e-01 -4.547684880702951293e-01
7.197402903805949492e-01 -7.827517016325065136e-01
-9.177673741948941810e-01 6.212646269031218971e-01
4.827938397258368930e-02 -1.881566500878728565e-01
5.997419111893089738e-01 -4.502790690647233696e-01
-1.331783358009082097e-01 -2.450499181926071302e-01
2.784772382678881719e-01 -5.543720920273944586e-01
9.493899897953119726e-01 -3.990325411533248712e-01
-4.748616315379128316e-02 5.479883439061956629e-01
-9.894426019285804674e-01 -6.773582048074011652e-02
9.998702824177625459e-01 -2.788095185852950131e-01
-9.572156132326035127e-01 4.456860684281223062e-01
8.234226982821202245e-01 -4.387265768375516739e-01
-8.750002371168144055e-01 -3.510738290903825387e-01
3.819897329469101876e-02 -3.165787582483361451e-01
-6.267649231304108781e-01 -5.675786247331451317e-01
4.038379907356948184e-01 -7.488756181539990564e-02
-5.992346168580544585e-01 -8.808597383251348667e-01
3.431864116018761290e-01 -3.283971070304487760e-01
-5.448958440772362355e-01 6.540562153913560550e-01
2.220173874742870090e-01 -5.637588252503595854e-01
9.248860145614714590e-01 -3.099930991205845920e-02
-9.061450877036270057e-01 8.196713560187873782e-02
5.997065391443321403e-01 -8.639169786567810760e-01
-5.220205544839702227e-01 -2.292966509194787061e-01
3.108139182889946284e-02 -8.023022717612415811e-01
-4.123099986425540209e-01 5.915507690032784094e-01
-4.415380357208009698e-01 1.772963480478992881e-01
-2.685605727926918540e-01 -3.187233125320125815e-01
2.025495917389952272e-01 -2.518313361828283803e-01
-3.060752549080030249e-01 -8.675779826380853876e-01
1.681634646357343943e-01 -1.601164127948822014e-01
-4.078201123252156446e-01 6.889149304724351275e-01
-6.645972195457161558e-01 8.365770497969227115e-02
-1.665307866575900242e-01 1.918978433341200773e-01
5.196462511700210563e-01 -6.412860942115639062e-01
-8.428621138272118785e-02 5.401174746995409670e-01
-2.504538384813297380e-01 2.562950439591440421e-01
9.318701851781379109e-01 -2.488300207063578462e-01
-2.407190290166596469e-01 -3.924952911254455667e-01
-9.684440879585383133e-01 -2.835190573071124653e-01
9.225048164012008556e-01 -8.372709080823370620e-01
6.209850508289138649e-01 -9.507727663541920560e-01
-6.442186448821280997e-01 3.409908021132994627e-01
-2.803972249373105630e-01 2.167329978437859683e-01
-3.360672575930376826e-01 9.146949617039166203e-01
-7.234848729125298306e-02 -8.769752845902418770e-01
9.048018907101689212e-01 -9.561781929714647799e-01
-9.185697064286528768e-01 7.277773066965700366e-01
8.757202060664746046e-01 -7.221861306623782450e-01
-1.985333817403389656e-01 8.755878126475307166e-01
-5.660878705917413711e-01 -4.921796491020473674e-01
-5.444023943966247447e-01 -3.479775856976277115e-01
3.962268326984847988e-01 -5.723894908622193523e-01
7.850310909505098245e-02 -6.200735998444064645e-01
1.044400694483405001e-01 -9.965499799541368553e-01
4.814699295683246838e-01 -8.539672547290182436e-01
8.445761269647449332e-01 -8.009364956101938660e-02
2.841991761845246156e-01 -3.234009732499318890e-01
-9.463894214199954913e-01 -1.117193611790543439e-01
-7.976458489847884081e-01 9.099237450464123800e-01
-1.795079026004722245e-01 1.190179497385315255e-01
-9.158170045241253998e-01 -6.053572724154756557e-01
-1.207740293802996856e-01 2.254504790359979083e-01
-8.705258324210940479e-02 7.547758728473419332e-02
2.760005317869036467e-01 -5.949984113950124165e-01
2.124306028591065321e-01 -9.726460319705712010e-01
-6.424529682458515190e-01 -5.842962823051152110e-01
-5.753364887007705875e-01 8.706402972411320107e-02
-5.595576862604998425e-01 4.438079082579442503e-01
8.159519515326025818e-01 -2.048757151022249090e-01
-9.656795133671494114e-01 2.203202232243011149e-01
-1.649852227355141920e-03 5.668829877926497840e-01
-3.895279248660576954e-02 -9.136385871707006778e-01
-2.151034450676729826e-01 6.828322461176521418e-01
-4.689254993561067231e-01 2.917327225623707054e-01
-8.903639007439136943e-01 3.434685842116760313e-01
-7.416764359952510155e-02 7.916284896926419901e-01
-1.768937073468401788e-01 3.769572401924070615e-01
-8.445149972362808732e-02 3.275289008525634760e-01
-4.543105465063819182e-01 9.285129145774591031e-01
-7.346928553668887751e-01 4.603299050471474363e-01
-8.884711216660177158e-01 -2.610186955342368442e-01
-1.464998382078652739e-02 3.571242572614974353e-01
6.907371590722850563e-01 -4.991275105168699877e-01
9.340984193375130307e-01 -9.890333371805672957e-01
3.993844187761421693e-01 -4.451433355800291647e-01
-3.380424469180125513e-01 -1.447949544941771194e-01
-3.695153574998126800e-01 -4.666171151581945953e-01
-4.761513491465370063e-01 -3.268104720096651761e-01
-3.658075068728727786e-01 9.967784383544500137e-01
3.254350086762511918e-01 -2.182425086383956714e-01
9.415368671417270185e-01 -6.735503612783717564e-01
9.303038671020118500e-01 -5.436554240702184959e-01
-6.939713310565136517e-01 4.048174586920616491e-01
-6.877538215270746491e-01 -8.070195204599128758e-02
-9.428595471628249403e-01 5.558971057842840846e-01
3.869393699463106184e-01 -1.373362923168761629e-01
-9.477165323931302510e-02 4.974684561721900433e-01
7.162333456788836372e-01 -1.634436755908732497e-01
4.708275198035183351e-01 -6.736945118304269453e-01
4.424625989605626142e-01 -5.752433664494465138e-01
-4.437468778552766668e-01 -9.343202670266490539e-01
-8.034663016640939404e-01 8.989486156066039957e-01
-4.136710249603670064e-02 -6.980520371836953508e-01
-7.033855204737406996e-01 5.692231383339465545e-01
-5.151873000242592759e-01 -2.137926175507804949e-01
-2.000662597333355830e-01 -5.832161430917748302e-01
-5.121014814032314177e-01 -6.147050659682795626e-02
-4.349676110238058779e-01 -3.542946708177063808e-01
-3.018986163077586049e-02 -9.333073108784042393e-01
5.956537134483503859e-01 -8.543640496186786226e-01
-6.425755213226451712e-01 3.666770780031507471e-01
-5.231362284329892365e-01 5.214161286409257912e-02
1.678073332223872782e-01 -1.870816043703107390e-01
-6.989744778919781965e-03 5.034517259362771835e-01
7.843886385658405125e-01 -1.590169538096539714e-01
1.108665667424018064e-01 -5.604215844760629395e-01
9.172313643471052824e-01 -9.959148959613792762e-01
-6.715640136086391543e-01 5.764671206144715843e-01
4.046064611370314701e-02 -1.512776683551164680e-01
-3.019866581466048583e-01 -6.548620053322296020e-01
-4.520718259611820056e-01 -7.961622092297144793e-01
9.942761476608839022e-01 -4.240002840311942744e-01
-8.980408598140072751e-01 -9.791853111141721744e-01
-1.349295764521492025e-01 -7.819166173814233733e-01
-9.123855334267658712e-01 7.849187018457761678e-01
-7.747805568480534699e-01 2.835842876761553999e-01
-5.118395810324782857e-02 -1.942218897414320633e-01
-9.273995601284035217e-01 -6.131111077009627763e-01
8.130544448014689340e-01 -8.039994362769511405e-01
-7.742706059534774088e-01 4.732577142455809405e-01
-8.956205405467543290e-01 -8.516083211652849538e-01
-7.076924779954834044e-01 2.522653787064879083e-01
-7.586519920240506476e-01 7.044042851576768349e-01
-8.561022429792644051e-01 -7.984750576253936138e-01
9.820967006993268633e-01 -1.882565038053298778e-01
-2.419712685460750912e-02 -1.311419476209607637e-01
4.617141989979651751e-01 -9.871261977033913837e-01
7.359406025075896363e-01 -3.117324312829621302e-01
-9.479040953640454070e-01 4.434181951553162193e-01
2.500309634142878767e-01 -6.882282694041879090e-01
-1.644812906252182128e-01 -2.156493892413311464e-01
2.274634199035558968e-01 -5.338854552656253638e-01
-8.543151074810628742e-01 -7.715324514735375505e-01
4.949907123171981560e-01 -6.022543492558432021e-01
-8.295837287817517947e-01 9.935791987592144103e-01
-3.201731954289497306e-01 1.000318299576079539e-01
7.296014684660934169e-01 -6.748978791850757109e-01
-7.065537472035139377e-01 7.135014127841992071e-01
2.571388626401380773e-01 -9.396577358110265177e-01
8.241187216518808256e-02 -2.166771296998706298e-01
-6.940249774932512050e-01 -9.666845910611818748e-01
-3.824084377431602455e-02 -3.310573528491225215e-01
-7.027536497631272638e-01 -9.440318406199081913e-01
-9.572637524361775618e-01 -7.269219233879213871e-01
-3.512021411979482366e-02 8.432555002496398000e-01
6.368639057797054193e-02 -6.892454784744328489e-01
-1.916841934048909568e-01 7.273129605863533076e-01
-7.486892450774587093e-01 7.049295925450931311e-01
-7.432605143443766771e-01 3.509433150386958022e-01
-1.140807635334990522e-01 1.347565522214932976e-01
-8.106063852138267745e-01 -1.296057432403519005e-01
-3.939251284521674279e-01 8.926185641148147720e-01
-7.861695154300620825e-01 5.894454186931836759e-01
-9.147304954166155522e-01 1.376957030030561135e-01
9.009552523009878300e-02 -2.518023545602821045e-02
-8.509598963603670629e-01 -8.461868155439848938e-01
-2.876000236784714836e-02 -6.513955027114139984e-01
-9.360385402194353333e-01 4.713384590145772712e-01
-5.607026597677928770e-01 4.252473019825095957e-01
-2.620791408041511783e-01 7.772125752632730311e-02
2.950706312794386665e-01 -5.749498096670797587e-01
1.928314141675233628e-01 -4.727447738602046368e-01
6.932685099254127792e-01 -2.296760144078482391e-01
-9.214719822619452660e-01 4.776844427665016823e-03
-2.766247484780213206e-01 8.262464103650568603e-02
-4.157249529089748208e-01 -8.127450458803964217e-01
-6.975611602087250507e-01 6.184691502160357679e-01
-9.385857080895789739e-01 7.219510524240588811e-01
9.048927924062375450e-01 -9.367762589304540199e-01
2.585037610420253262e-01 -2.251376630366987985e-01
-4.657318319427452558e-01 2.176476203025667910e-01
-1.700522619376119149e-01 -5.260037021706867044e-01
-3.881459567908043251e-01 9.234688128231143267e-01
-2.636344439239632909e-01 8.367594749912876662e-01
-9.479735598229135363e-01 9.776145228872392678e-01
-2.338498398246893206e-01 5.271426551445572706e-01
-8.899160577832154750e-02 -3.715859663341498642e-01
-2.537127695328293964e-01 3.429331046401453698e-01
2.506915318555165140e-01 -6.981306843905787929e-02
-1.318546866361420822e-01 -5.299019061507816986e-01
-7.924696891076778993e-01 4.328308926117669930e-01
9.740961870312871973e-01 -9.521409516928713845e-01
-5.024348900540225316e-01 1.608862001884507897e-01
-4.957406433924358424e-01 3.772872276009535675e-01
-5.156685894591594987e-01 -3.707868035649086735e-01
7.384717293530369542e-01 -2.049354885695489070e-01
3.645887566401071478e-01 -5.044496332183265874e-01
-1.372750198943628597e-01 6.326959308589670261e-01
-8.637797670312135079e-01 6.468635779789428941e-01
-8.203516703174380531e-01 9.269832060384786132e-03
-6.977539369762277843e-01 4.947421790751662662e-01
-9.772549859687433838e-01 1.577686246515930257e-02
-7.919597764910122351e-01 -9.026661507549424979e-01
-2.389317705388511737e-01 -3.189617465998551005e-01
-1.858936161943021137e-01 -3.764055700822341866e-01
8.742876721029548825e-01 -2.367812792453320991e-01
2.175604938381527909e-01 -6.852162734019471291e-01
-1.829760863586813446e-01 2.820137723104019223e-01
4.147903919355389046e-01 -1.642016073465168979e-01
4.539507697949374254e-01 -4.693311066801566511e-01
-9.149031509955496411e-02 3.911966081156539321e-01
-3.076821224883250494e-01 2.893880071917593888e-01
-1.849274439959336380e-01 -2.815168766725739680e-02
5.272577908210773767e-01 -8.100179343207882798e-01
-3.967883035653005930e-01 4.591020352310051234e-01
-9.120582361252320691e-01 -4.219215720330886654e-01
-3.224440043163088188e-01 -8.628471234507357757e-01
-9.181999069419430892e-01 1.033013500329176271e-01
9.733213541353156195e-01 -9.053679632764908281e-01
-1.493119794020476565e-01 4.040561605813688395e-01
-2.150712334308897411e-01 -7.600085165532510789e-01
-9.676518225467536372e-01 6.426410830997142387e-01
-6.110113878348140126e-01 1.381577675487404289e-01
-5.508495926211776084e-01 6.941491736999805262e-01
7.241150266283145065e-01 -1.464553869543225861e-01
9.512112328804107619e-01 -1.428930622952802043e-01
-7.735634756238813914e-01 -5.649910032693623574e-01
9.283497525106925163e-01 -6.244590436505557118e-01
-5.085837104068497982e-01 -9.274414682380611730e-01
3.479090779164835112e-01 -4.457318687639322263e-01
-5.923571198175663355e-01 9.250982525716457960e-01
5.490225477366414975e-01 -7.610007656545914045e-01
2.649220974022827857e-01 -3.663014751738082886e-01
-4.291860615505300736e-01 -9.366186522405803849e-01
-4.553055852206635556e-01 -6.087461970058249960e-02
-2.747321855808149138e-01 -3.962859540818250981e-01
-6.705663405008510658e-02 6.355593388511904251e-01
-8.448847863137398662e-02 -1.626710773869526339e-01
3.131453949950828708e-01 -5.948975688555686592e-01
-3.940565954948005434e-01 6.384708008365238552e-01
-3.170827020241802074e-01 -8.859294492632232565e-01
-9.134404889802705263e-01 -4.965123814087992749e-01
-3.588946561504913202e-01 5.682652427855010568e-01
-7.751970848171774175e-01 -9.586664800002961950e-01
-2.631749969647476650e-01 7.713384128517972727e-01
-8.741260437356392909e-01 -1.565907447362890892e-02
-2.603101877384219609e-01 -3.353783983897695720e-02
-4.101986494643508063e-01 1.198330404946990058e-02
-8.941291766228305349e-01 8.503255637419151469e-01
-3.960670094220262172e-01 -3.791318938090675328e-01
4.914198292785776356e-01 -9.768640366130294517e-01
-3.743388684466195659e-01 8.939536457808960890e-01
-8.270481725197176281e-02 7.472768315519826565e-01
6.068745803506905290e-01 -9.242104735505491941e-01
-7.974398058068992157e-01 -1.517656506309328357e-01
-3.590960383076466922e-01 9.739631111054003476e-01
-4.942710879447100858e-01 -2.937800753547947785e-02
-9.189147916205324673e-01 -4.038935011097672945e-01
-8.158657434701825917e-01 -2.869053001863060004e-01
-7.395322626849418768e-01 1.556948206302046778e-01
3.296805885212139575e-01 -5.419071468451635010e-01
-8.310340673832741221e-01 7.235390585467036395e-01
-9.072700390187755648e-01 -8.163200467829789808e-01
-2.684629256424939658e-01 2.219860669344659865e-01
-5.110890907976093356e-01 2.328460623149042341e-02
5.206279389418384529e-01 -9.444031286522458490e-01
2.082461552784191650e-01 -5.351558210049156550e-01
7.927974922979563743e-01 -5.313675322434048276e-01
-5.949966380115545572e-01 7.017669314776977529e-01
-9.368737761391989771e-01 -3.917637447982569299e-02
-4.648151429975844184e-01 -9.336784744152797355e-01
-2.646885007420003433e-01 1.826431066507123724e-01
-7.230398922854206489e-01 -6.721773356415088330e-01
-1.709794509606195057e-01 -5.716346463548034329e-01
-7.684040032395709208e-01 -8.177738609836788797e-01
-7.657398059836131310e-01 4.070846953972597770e-01
-3.605605915643899095e-01 -7.434348963788266484e-01
-8.031819235390171841e-01 9.225282063202060456e-01
-9.714025715171177300e-01 -8.183974515076848366e-01
-8.051582992327717125e-01 -4.484078367387733799e-01
-5.057311604499359348e-02 4.633179766348218820e-01
2.620516163678148214e-01 -5.873795617626220711e-01
6.259648902304248974e-01 -1.433713098966971078e-01
-2.110912077117166330e-01 2.900264023341818653e-01
-5.204110723367219027e-01 6.633832987839727302e-02
-5.275160584482410098e-01 -6.053777377179865304e-01
-8.691308306774903070e-01 -8.705911896788154358e-01
-1.091798820384963786e-01 -2.078864956267776343e-01
4.234185323091148589e-01 -6.508272847306335596e-01
-3.793195273045630866e-01 6.143683932731058839e-02
-9.222501040997237443e-01 -5.884354495624450898e-01
6.594678484551959041e-01 -7.971320103346843933e-01
-3.174832036078401032e-02 2.104113973533106030e-01
9.581944791666421324e-01 -6.816013739015875927e-01
-4.193606312442841322e-01 -3.046803901923109681e-01
-1.962326178383013708e-01 8.930775192554607500e-02
7.300420030617083000e-01 -6.885415099626501778e-01
3.017436247188343135e-01 -6.987834301078181820e-01
-7.442909231857053332e-01 2.026176261991905481e-01
-2.574034654249421905e-01 -6.732382076589389364e-01
-7.270924751048537527e-01 1.404570337383679313e-01
6.682737512999852303e-01 -3.889559663205752749e-01
-5.653762976374161475e-01 3.962402588968474415e-01
-8.531164733974820891e-01 -1.219573295289468895e-01
8.685062057654637790e-01 -1.818041254367515069e-01
-8.476442380325697190e-01 4.477161346732372316e-01
7.122023093618083944e-01 -4.315274731641332018e-01
-2.661721611497431805e-01 2.763169134172114294e-01
-1.324913101892180034e-01 5.627341834671464316e-01
3.264401449283624856e-01 -4.653627909219437697e-02
6.772256096893753963e-01 -8.855719228870033710e-01
1.784877636821757818e-01 -4.323981862181924818e-01
-7.561317170552868117e-01 7.461517341817640592e-01
1.531311900039016294e-01 -2.102111890000990524e-01
-9.898902253002521689e-01 5.259273709845926348e-01
8.659972005258083083e-01 -9.352995444087028876e-01
2.711700010105959624e-01 -9.456819191375422928e-01
-6.593696713012582311e-01 3.560327854205258546e-01
-3.004154872549318345e-01 5.743635035182659276e-01
2.489876179903194320e-02 -1.636428853406559636e-01
-2.141587306928525170e-01 8.820967176287042300e-02
-7.503044936183282942e-01 7.490764185725902191e-01
-8.800622333364589434e-01 -4.981657253498883442e-02
5.098597807061580056e-01 -7.735312423202824750e-01
5.612224747097911415e-01 -9.705814970019202015e-01
9.381611052638387793e-01 -2.069885044901740301e-01
6.867035602888738044e-01 -5.139552342253526085e-01
6.847317293119861148e-01 -1.177443999128371388e-01
-9.090200430931936193e-01 -7.341675406752325994e-01
-5.652295871012862349e-01 -1.554266695718231617e-01
-5.571746728079738364e-01 -2.988989475347578750e-01
1.519547526307318819e-01 -4.429450415361195770e-01
6.970149560110610043e-01 -5.215509736590195899e-02
-9.074423063352352603e-01 3.761550544837117815e-01
8.599901553503366269e-01 -4.993495441400355173e-01
-5.439211428908641288e-01 -1.060047650071924696e-01
4.273716921347570086e-02 -2.037291265456080414e-01
-7.345918887946010223e-01 9.067500622521582621e-01
-1.248215911790118149e-01 -8.842063746469968066e-01
-3.071856611723533526e-02 9.155280157955996145e-01
-1.339752479958855602e-01 9.671259478650351404e-02
-5.337059971013700110e-01 -5.179580933820790989e-01
-5.945244551198576310e-01 7.959657962353954286e-01
6.157355343171164730e-01 -4.260099772768199955e-01
-6.428338739373760102e-01 -6.015407880629115578e-01
-3.177497960365001095e-01 -3.135410199779253837e-01
-5.048394149550872179e-01 3.035508388153935755e-01
-7.438508143629576352e-01 -2.903127950720234551e-01
7.536180398682068571e-02 -2.538264193502863808e-01
-7.836387118074699121e-01 7.799336457536008016e-01
-7.826826030072924212e-01 3.231571828771155896e-01
-3.572308956976066874e-01 5.376732473808891744e-01
-5.624524056066892985e-01 -6.608167426505553443e-01
-9.385728293752486628e-01 -3.522429224621421717e-01
5.766849574052517191e-01 -7.345795760777618089e-01
-6.385191843643434062e-01 -4.424306894347149743e-01
9.450323683602244174e-01 -1.062217262857156896e-01
-5.658593700706311402e-01 9.776808635697213923e-01
-1.326421625596625464e-01 6.610874843523721900e-01
-1.849951700403085209e-01 -6.990546534679313861e-01
-3.717186399268921360e-01 -6.147615414929124000e-01
7.100444672148562564e-01 -3.966584835342295001e-01
2.377761347675932946e-02 -7.706432718728895015e-01
9.061158415812935463e-01 -7.352649871584227004e-01
-9.042451434905618424e-01 5.586598887126703605e-01
-2.687606980713479476e-01 -2.870076846229985268e-01
1.061471325834681956e-01 -4.754177266238679422e-02
-4.582986862465161515e-01 -2.337062950638024716e-01
-6.119795430573755635e-01 -3.317050762623088289e-01
1.995937996714749474e-01 -3.494920242079802009e-02
-5.074075667148350011e-01 -9.151924896517324992e-01
-1.816373290166828358e-01 -6.603110864178822759e-01
-9.744424247994341037e-01 -4.182534690729973192e-01
2.676739074357918913e-01 -4.651523497154448350e-01
9.821151925199123056e-01 -8.944966254121262672e-01
2.978122790154962285e-01 -2.074588934647567662e-01
-4.529310514701392343e-01 -1.030274867245215553e-01
-1.930211604555966964e-01 3.672136124284570702e-01
4.119912020029596889e-01 -9.681710481591474515e-01
-9.279774342494429007e-02 2.725057979002765141e-01
-9.467311318046469637e-01 1.433926594833794255e-01
5.990843557010641085e-01 -9.391629919738520016e-01
8.369307304339446141e-01 -4.017385687200296651e-01
-2.993198839927539989e-01 9.118042069838629970e-01
-3.781103647364321141e-01 1.047162734242168547e-02
-3.503531770586763017e-01 2.834063751456352698e-01
7.271597561297926671e-01 -9.060914954322329962e-02
7.104641264128461753e-01 -3.990689199441357360e-01
-2.369875450966323349e-01 3.094788933865038061e-01
-9.619360002278045663e-01 -5.463584789498343586e-01
2.321024210046913616e-01 -5.711224152280156563e-01
-6.382564003452406709e-01 3.481322650090326043e-01
-7.116111300030416587e-01 6.537283562715365814e-01
6.865438246309345516e-01 -3.698185965178886203e-01
5.317246748095589837e-01 -3.151816195732504156e-02
6.686903073563481570e-01 -6.047569650048234546e-01
9.839833759900979970e-01 -1.309980376526709289e-01
-9.049882847531998120e-01 7.126387020108764236e-01
-9.907352901823447411e-01 -3.132546979673083154e-01
-1.113869018306472558e-01 3.790999607903871027e-01
-2.243777263389359344e-01 -7.708495254765519444e-01
-8.639157485698854000e-01 1.283758417412179664e-01
1.591111761066310581e-01 -3.313066105980748688e-01
-9.751359748017087714e-01 -7.547537371657386807e-02
-5.921710925347483112e-01 1.883620953348379423e-01
5.847804789119794844e-01 -6.711290170135630895e-02
4.083699223564516423e-01 -1.727452926409194234e-01
-1.067445448606787473e-01 -3.588996909874451191e-01
7.243901485194352841e-01 -5.181187347938318588e-01
-8.632488484508349380e-01 -1.218423079614832094e-01
-3.404479961755002559e-01 -5.623048377930162101e-01
-1.512380356320446317e-01 2.970730594671597835e-01
6.945826254472080574e-01 -8.738643976116160506e-01
-2.146519409762090991e-01 4.603270534285701654e-01
-7.359007175832095182e-01 -2.886039369295370083e-01
4.424822195460567098e-01 -3.507866720191641363e-01
1.863797911899245374e-01 -8.290721601509343230e-02
-4.396438937278277503e-01 -2.847321650745970878e-01
-2.931585573196917593e-01 -1.265749928279340519e-01
-2.167799313067519940e-01 9.757641764652136285e-01
-2.692349764911248222e-01 -1.185272251195121918e-01
3.228968218552492608e-01 -8.974173793622550743e-01
-6.322438003082364588e-02 -3.635691267787486414e-01
5.010804254173031325e-01 -9.057382576513430816e-01
-3.427302724158487468e-01 -9.432273039831098327e-01
-1.050258802998755847e-01 -9.098058205952364030e-01
4.836818469057311276e-01 -4.294323175082690458e-01
-5.738095092609603043e-01 5.590484257146750569e-01
-9.055826154175250498e-01 3.690403294954960334e-01
7.616555140634395649e-01 -7.327741230408970630e-01
-8.870717538199632823e-01 -4.340287802091342684e-01
-8.723729587569934996e-01 -8.841958769068711810e-01
-2.366869320956004330e-01 -9.186065367166080797e-01
4.860172409421876782e-01 -6.321953232183425975e-01
-1.607993196017254434e-01 -9.636540978941092739e-01
-5.464523421161722183e-01 5.510480743385948177e-01
-7.107915541641200985e-01 -1.205610957372957870e-01
-4.461381178049483864e-01 -7.005659899409510949e-01
7.747482406547832046e-01 -8.235210769418415122e-01
-5.861867574036578876e-01 -3.478568669496096000e-02
-3.167454393195496820e-01 -5.029323432704082553e-01
-5.512477756088252079e-02 7.539807946814529593e-01
-2.183489906593576446e-01 3.232748994235115081e-01
-8.029463297815286893e-01 1.513576349439622604e-01
8.866115551346798185e-01 -6.532736784545352116e-01
9.001554845989598874e-01 -4.217334973053299407e-01
-6.855369762237688569e-01 5.388068046649472365e-01
-8.864631766727557594e-01 -5.736946023600353328e-02
3.109885389985451720e-01 -4.854563787463865854e-01
6.345871474563020698e-01 -1.900435088764629299e-02
1.849441472965844824e-01 -6.895970725242099864e-01
-1.004319316897774872e-01 2.100409655275392584e-01
4.781347493852003971e-01 -9.515226361961099943e-01
-8.663854060467663931e-01 1.716414305791067463e-01
9.484810727694252819e-01 -3.724687348736908099e-01
-6.892707828117463631e-01 -7.644464993855322188e-01
8.627873461327462135e-01 -1.217504742523660699e-01
-4.765189307550170561e-01 7.771589993846297340e-01
-2.603054569246141536e-01 1.489035882128235677e-01
4.445103281747455615e-01 -5.926379294740817816e-01
-5.244983280672854686e-01 -2.116431508275802287e-01
-3.108929151930748258e-01 -2.608415945156390414e-01
3.570197645878474546e-01 -8.458605028806875925e-01
-5.742048015683003381e-01 -2.067483049746590140e-01
1.580506383433584183e-01 -6.844938471694930193e-01
-5.618397916541815196e-01 2.741387677890376739e-01
-2.407283983879588973e-01 9.774411717494677632e-01
6.778329063632273499e-01 -3.281052369962358384e-01
4.441377670904964603e-01 -1.435984942555921240e-01
-7.818391641891593302e-01 6.186590786490462346e-01
-8.395094839928061159e-01 -3.707873455279315777e-01
-1.998024710799486403e-01 -9.871187150409084232e-01
5.890274764090652759e-01 -8.979155378886107819e-01
-3.511642972872746071e-01 -1.711736985709204628e-01
4.091439806420911207e-01 -1.951997478133036257e-01
-5.457113271424540724e-01 9.169177344015819742e-01
-5.428437468409885724e-02 3.281092248671027001e-01
-1.853320746590325641e-02 -5.552033605848081255e-01
-4.661362109348390348e-01 -9.420275685596977144e-01
-9.172574081876949670e-02 4.619606116455463596e-01
-9.631261562376658425e-02 9.216395432689838962e-01
-2.869217342440657514e-01 -3.885047948205473389e-01
-6.769129037559793449e-01 3.781130013343618756e-01
6.922517340498335336e-02 -1.204696627575239098e-01
6.378203630200405261e-01 -2.664416302640637557e-01
-5.791523856253459890e-01 -4.253094982175309458e-01
-8.387295550751039386e-01 -4.125730058449139648e-01
3.947850771875847098e-01 -9.107847318373436529e-01
7.797392210764715337e-01 -3.182847779322157677e-01
-8.893326936123640003e-01 2.494639972055032739e-01
-6.080709999508031594e-01 -8.522851161884206217e-01
-4.168341438448377456e-01 -9.588441628920696402e-01
-1.322951116736077459e-01 7.752449252861424167e-01
1.679219776090541405e-01 -6.319201059526375897e-01
3.773788742040546929e-01 -6.756478761439062009e-01
9.961115529491619824e-01 -6.234131372271805027e-01
-8.835529666775563395e-01 -1.813028061944896852e-01
-7.698735733510506662e-01 9.500224166530710779e-01
-5.311229129160528473e-01 3.962060880132696195e-01
3.291134874343142336e-01 -1.540951864398867333e-01
-1.289917913571212438e-01 -2.445187633776029212e-01
-7.877894592392651330e-01 -6.718080558512939948e-01
8.044302926372404183e-01 -8.666435646800361159e-01
6.520054710166438561e-01 -9.384084086433472915e-01
5.965673569074310123e-01 -6.086150256125260061e-01
-6.389635477425965604e-01 1.009778691091178793e-02
3.969559534197739659e-01 -7.883198251394392120e-01
-8.454654400354919552e-01 -9.620533670773705470e-01
1.100198172262594198e-01 -1.770880154353069447e-01
-2.818662591488467761e-01 -4.269951478764579811e-01
-8.720479210893254951e-01 -5.901346466481076636e-01
-7.574321070096057262e-01 -3.431177801806359895e-01
9.475025712421392132e-01 -6.714598524216566222e-01
2.240518934069943846e-01 -1.273073849058303786e-01
1.671696050582685000e-01 -3.324163352804510030e-01
-8.401108291127241667e-01 2.371445561609095698e-01
6.342681689245948107e-01 -9.882515656146886318e-01
2.405584469221426769e-01 -8.738548736034861264e-01
1.190357726540005601e-01 -3.940972687650889927e-01
-2.086463768537589747e-01 3.861488862107980147e-01
-5.482184130311318349e-01 -1.233492704962848574e-01
-1.517728412862993093e-01 2.906623026378427621e-01
-5.984888988230911977e-01 -1.032797847966853144e-01
-3.471295797129652083e-01 7.033641198487781132e-01
-1.815251578968806179e-01 5.281124639154781697e-01
6.150647315052448771e-01 -1.554559310029079988e-01
9.521936582477459332e-01 -5.418889368384498528e-01
-8.823258478176141395e-01 -8.595051029241487228e-01
9.876313544892509899e-01 -2.808411822548950720e-01
5.171464666722924708e-01 -9.700936003396654073e-02
-1.517557073596962347e-01 9.424453276550504022e-01
-9.743969796045415244e-02 2.585303186103806716e-01
8.500888732024394212e-01 -8.622816159977531036e-02
4.867271905526493470e-02 -1.407925159294023398e-01
-2.981570484283131428e-01 2.841600186639217096e-01
9.929749673771366414e-01 -2.078309986174728952e-01
4.292737373857231642e-01 -7.541505655074565162e-01
-1.304980181018602359e-01 4.100702462779546309e-01
3.494588978921926437e-01 -9.880174421657113015e-01
4.230999540994713204e-01 -5.824406576346765618e-01
1.946923707517893565e-01 -2.272933969794592723e-01
3.610363460071706054e-01 -3.159103683702402243e-01
-8.205913696435973570e-01 9.002974565690200492e-01
-7.624663547498926608e-01 -9.327019833838321450e-01
-6.799963232410992653e-01 -2.898427500935685242e-01
-6.117601162014634220e-01 4.047604332320622333e-01
-4.147634105820356965e-01 7.732114097955178345e-02
-5.291847415963024659e-01 9.541988266109480143e-02
-3.191615068328452764e-01 -1.794356890381834102e-01
7.081853330162068971e-01 -2.885239017265643913e-01
-6.278383786377361719e-01 -1.095304044335503324e-01
5.219553886523209396e-01 -3.078282506714529188e-01
3.529147593991810439e-03 -2.986451121848787693e-01
-8.021630927125700250e-01 1.802629810622409234e-01
-7.215664664657774896e-01 -8.576306688942818557e-01
8.630910072086401819e-01 -5.963953187221671115e-02
4.493723063431114273e-01 -4.780650652835340964e-01
-6.919460453333812211e-01 7.730802997705739088e-01
4.377992402694304008e-01 -5.896717923322207788e-01
5.651993580698173592e-01 -5.659011218542864263e-01
4.609701131960679543e-01 -6.754468086329064036e-01
-4.042278665343996824e-01 -1.393058656267811557e-01
3.613539583471507832e-01 -8.554474928872715100e-01
7.328664282956645071e-01 -7.015034703159652718e-01
2.328529327349659894e-01 -1.660524410065125078e-01
-6.849929516855641776e-01 -3.148882232709875328e-01
4.950437729773280449e-01 -7.668851310027828827e-01
-5.379536394345911798e-01 1.195277259818616766e-01
-3.642934141110287793e-01 -4.677443124040912004e-01
8.244541045795907852e-01 -5.645305255020101054e-01
4.271819874843689746e-01 -6.613124547756781269e-01
-2.623777093347021694e-01 7.950001337826395620e-02
1.967806395561686461e-01 -9.915766043317610912e-01
-5.798452262734226093e-01 6.861478317607172528e-01
-2.515872122435589553e-01 -7.468963436246149890e-01
-2.526907432114180452e-01 -9.569960668030423889e-01
-4.745849289825585515e-01 -2.026341265542603853e-01
5.593537054797970143e-01 -1.927118227874142775e-01
1.179593572358150766e-01 -9.389304097913866443e-01
-9.195220659369283123e-01 -8.842310396228796332e-01
-5.298141681961283656e-01 5.680027630148953843e-01
3.934729876221476630e-02 -3.025882753239501621e-01
1.878148624648179332e-01 -9.868202171147837376e-01
-8.709614978099797789e-01 9.985338683818387739e-01
-1.380563822804186103e-01 8.987377807509790983e-01
-4.529089366043479448e-01 4.192121457455089129e-01
-3.739319471944926310e-01 7.710693539501440874e-01
-9.466944720067969055e-01 -2.144263127488392762e-01
-3.528380015296799233e-01 -9.151945837169741527e-01
6.608625447293119404e-01 -3.229041027677648223e-02
-7.189822472070845905e-01 7.620929267666209928e-01
-2.856359531699668164e-01 -2.619532454408699529e-01
-5.380911815131161902e-02 -8.908564135645420379e-01
-2.053192102122389784e-01 -9.650399939785647696e-02
-8.555944214645228030e-02 -6.537245568868297330e-01
-6.309597979552539204e-01 -6.131461199595809042e-01
-2.279496350401319926e-01 -4.487210115208775107e-01
7.565411701521114196e-01 -6.568395504632775772e-01
6.217315579556004224e-02 -7.157314301737685014e-01
-4.176123950755703529e-01 1.131734571429043879e-01
1.089093172371515816e-01 -3.498070859555049150e-01
-8.698444363448445404e-01 5.665850556752283218e-02
-2.079045715472085387e-01 4.425469276824247622e-01
-4.038433053091039504e-02 3.691912284713239067e-02
-4.135995407414227998e-01 3.936659476643171729e-01
-7.058761110056483989e-01 3.059955377357947981e-02
2.321446921827465815e-01 -6.666797694445323330e-01
8.039761493520118929e-01 -4.681957569784482853e-01
-5.740426572480286094e-01 1.519839787214216642e-02
5.511634548037658288e-01 -6.619627975613266990e-01
-6.136868784424109879e-01 3.038749986850406426e-01
-2.677578864875420628e-01 5.122289476594943380e-02
-7.021306242919411744e-02 2.373280651635325533e-01
-3.230273248171777745e-01 -5.204057935993984252e-01
7.533025587221009456e-01 -7.758951544757766161e-01
-3.636654505209742094e-01 -7.539806574678249440e-01
4.372255867720344913e-01 -5.522504450741982929e-02
