
Step      Train loss              Test loss               Test metric
0         [1.04e+00, 5.44e-01]    [1.04e+00, 5.44e-01]    []  
1000      [2.80e-03, 5.21e-03]    [1.94e-03, 5.21e-03]    []  
2000      [5.79e-04, 1.23e-03]    [3.98e-04, 1.23e-03]    []  
3000      [1.52e-04, 2.23e-04]    [9.19e-05, 2.23e-04]    []  
4000      [7.53e-05, 7.10e-05]    [4.59e-05, 7.10e-05]    []  
5000      [3.47e-05, 3.00e-05]    [2.04e-05, 3.00e-05]    []  
6000      [2.07e-05, 1.68e-05]    [1.31e-05, 1.68e-05]    []  
7000      [1.27e-05, 9.94e-06]    [8.35e-06, 9.94e-06]    []  
8000      [9.66e-06, 6.25e-06]    [6.55e-06, 6.25e-06]    []  
9000      [7.17e-06, 5.17e-06]    [4.55e-06, 5.17e-06]    []  
10000     [4.66e-06, 3.30e-06]    [3.13e-06, 3.30e-06]    []  
11000     [4.32e-06, 2.54e-06]    [3.03e-06, 2.54e-06]    []  
12000     [3.73e-05, 6.23e-05]    [3.69e-05, 6.23e-05]    []  
13000     [2.04e-05, 6.32e-05]    [1.84e-05, 6.32e-05]    []  
14000     [4.78e-06, 3.13e-06]    [3.78e-06, 3.13e-06]    []  
15000     [3.40e-06, 1.01e-06]    [2.40e-06, 1.01e-06]    []  
16000     [5.10e-06, 9.59e-05]    [3.73e-06, 9.59e-05]    []  
17000     [2.48e-06, 5.70e-07]    [1.77e-06, 5.70e-07]    []  
18000     [4.15e-05, 1.15e-04]    [4.27e-05, 1.15e-04]    []  
19000     [2.45e-06, 6.20e-07]    [1.87e-06, 6.20e-07]    []  
20000     [2.26e-06, 2.13e-05]    [1.81e-06, 2.13e-05]    []  
21000     [2.60e-06, 1.11e-06]    [2.13e-06, 1.11e-06]    []  
22000     [2.82e-06, 2.30e-06]    [2.34e-06, 2.30e-06]    []  
23000     [1.46e-06, 1.99e-07]    [1.13e-06, 1.99e-07]    []  
24000     [1.11e-04, 3.40e-04]    [1.06e-04, 3.40e-04]    []  
25000     [1.55e-05, 1.48e-04]    [1.51e-05, 1.48e-04]    []  
26000     [2.93e-05, 3.07e-04]    [2.97e-05, 3.07e-04]    []  
27000     [1.78e-06, 1.12e-05]    [1.52e-06, 1.12e-05]    []  
28000     [4.06e-06, 2.69e-05]    [3.85e-06, 2.69e-05]    []  
29000     [4.97e-06, 2.69e-06]    [4.78e-06, 2.69e-06]    []  
30000     [5.57e-06, 4.24e-05]    [5.49e-06, 4.24e-05]    []  
31000     [1.67e-06, 1.41e-05]    [1.44e-06, 1.41e-05]    []  
32000     [1.97e-06, 1.89e-06]    [1.71e-06, 1.89e-06]    []  
33000     [1.49e-06, 1.29e-07]    [1.43e-06, 1.29e-07]    []  
34000     [1.29e-05, 1.51e-04]    [1.22e-05, 1.51e-04]    []  
35000     [3.16e-05, 1.69e-05]    [3.16e-05, 1.69e-05]    []  
36000     [8.21e-06, 3.53e-05]    [7.85e-06, 3.53e-05]    []  
37000     [3.57e-06, 2.24e-06]    [3.65e-06, 2.24e-06]    []  
38000     [1.61e-05, 1.20e-05]    [1.71e-05, 1.20e-05]    []  
39000     [4.12e-06, 3.71e-06]    [4.09e-06, 3.71e-06]    []  
40000     [7.85e-06, 2.61e-06]    [7.88e-06, 2.61e-06]    []  
41000     [2.96e-06, 7.91e-06]    [2.96e-06, 7.91e-06]    []  
42000     [1.72e-05, 1.90e-05]    [1.79e-05, 1.90e-05]    []  
43000     [4.74e-06, 1.27e-05]    [4.57e-06, 1.27e-05]    []  
44000     [8.98e-07, 7.91e-06]    [7.13e-07, 7.91e-06]    []  
45000     [2.65e-06, 4.22e-06]    [2.63e-06, 4.22e-06]    []  
46000     [4.89e-05, 1.12e-04]    [5.02e-05, 1.12e-04]    []  
47000     [2.95e-06, 1.04e-06]    [2.90e-06, 1.04e-06]    []  
48000     [1.98e-05, 4.00e-06]    [2.00e-05, 4.00e-06]    []  
49000     [7.18e-07, 1.06e-06]    [6.48e-07, 1.06e-06]    []  
50000     [2.54e-06, 3.43e-05]    [2.26e-06, 3.43e-05]    []  

Best model at step 33000:
  train loss: 1.62e-06
  test loss: 1.56e-06
  test metric: []

'train' took 799.287657 s

Compiling model...
'compile' took 0.264159 s

Training model...

Step      Train loss              Test loss               Test metric
50000     [2.54e-06, 3.43e-05]    [2.26e-06, 3.43e-05]    []  
51000     [6.29e-08, 5.57e-09]                                
52000     [2.73e-08, 3.09e-09]                                
52023     [2.73e-08, 3.09e-09]    [2.23e-08, 3.09e-09]    []  

Best model at step 52023:
  train loss: 3.04e-08
  test loss: 2.54e-08
  test metric: []

'train' took 39.907817 s